0.000000 24.000000 0.000000
-0.158154 20.571424 3.312486
-0.256655 17.142847 5.520809
-0.325493 13.714278 6.624967
-0.325493 10.285708 6.624968
-0.256655 6.857139 5.520810
-0.158154 3.428569 3.312486
0.000000 0.000000 0.000000
2.666667 24.000000 0.000000
2.683136 20.571430 3.312592
2.695552 17.142855 5.520996
2.704776 13.714284 6.625226
2.704776 10.285714 6.625226
2.695552 6.857142 5.520997
2.683135 3.428571 3.312591
2.666667 0.000000 0.000000
5.333333 24.000000 0.000000
5.331467 20.571423 3.311108
5.330029 17.142845 5.518499
5.328953 13.714276 6.622166
5.328953 10.285705 6.622167
5.330030 6.857136 5.518500
5.331468 3.428568 3.311108
5.333333 0.000000 0.000000
8.000000 24.000000 0.000000
8.000216 20.571434 3.311564
8.000383 17.142866 5.519276
8.000505 13.714293 6.623131
8.000506 10.285722 6.623131
8.000379 6.857146 5.519275
8.000214 3.428574 3.311563
8.000000 0.000000 0.000000
10.666667 24.000000 0.000000
10.666638 20.571424 3.311964
10.666615 17.142853 5.519943
10.666600 13.714281 6.623938
10.666598 10.285708 6.623937
10.666613 6.857138 5.519942
10.666636 3.428569 3.311964
10.666667 0.000000 0.000000
13.333333 24.000000 0.000000
13.333360 20.571432 3.311966
13.333383 17.142860 5.519947
13.333397 13.714289 6.623941
13.333393 10.285714 6.623940
13.333376 6.857142 5.519944
13.333358 3.428571 3.311964
13.333333 0.000000 0.000000
16.000000 24.000000 0.000000
15.999794 20.571436 3.311568
15.999639 17.142872 5.519280
15.999513 13.714303 6.623136
15.999512 10.285728 6.623135
15.999632 6.857152 5.519279
15.999795 3.428577 3.311566
16.000000 0.000000 0.000000
18.666666 24.000000 0.000000
18.668531 20.571428 3.311110
18.669964 17.142859 5.518502
18.671036 13.714284 6.622169
18.671034 10.285710 6.622168
18.669960 6.857140 5.518500
18.668530 3.428570 3.311110
18.666666 0.000000 0.000000
21.333334 24.000000 0.000000
21.316862 20.571426 3.312591
21.304438 17.142853 5.520995
21.295210 13.714278 6.625224
21.295210 10.285708 6.625223
21.304436 6.857137 5.520997
21.316862 3.428569 3.312591
21.333334 0.000000 0.000000
24.000000 24.000000 0.000000
24.158150 20.571426 3.312487
24.256649 17.142857 5.520811
24.325480 13.714281 6.624969
24.325476 10.285708 6.624968
24.256641 6.857139 5.520809
24.158146 3.428569 3.312486
24.000000 0.000000 0.000000
