0.000000 24.000000 0.000000
-0.158154 20.571424 3.312477
-0.256652 17.142843 5.520789
-0.325488 13.714276 6.624940
-0.325487 10.285709 6.624941
-0.256649 6.857141 5.520791
-0.158151 3.428570 3.312477
0.000000 0.000000 0.000000
2.666667 24.000000 0.000000
2.683136 20.571430 3.312584
2.695555 17.142853 5.520977
2.704781 13.714283 6.625199
2.704782 10.285716 6.625200
2.695558 6.857145 5.520977
2.683139 3.428573 3.312582
2.666667 0.000000 0.000000
5.333333 24.000000 0.000000
5.331468 20.571423 3.311100
5.330032 17.142843 5.518480
5.328958 13.714275 6.622140
5.328959 10.285707 6.622140
5.330036 6.857140 5.518479
5.331471 3.428569 3.311098
5.333333 0.000000 0.000000
8.000000 24.000000 0.000000
8.000217 20.571434 3.311557
8.000386 17.142864 5.519258
8.000510 13.714293 6.623105
8.000512 10.285724 6.623105
8.000384 6.857150 5.519254
8.000217 3.428576 3.311553
8.000000 0.000000 0.000000
10.666667 24.000000 0.000000
10.666639 20.571424 3.311957
10.666617 17.142851 5.519925
10.666605 13.714281 6.623912
10.666604 10.285711 6.623910
10.666618 6.857142 5.519921
10.666640 3.428571 3.311954
10.666667 0.000000 0.000000
13.333333 24.000000 0.000000
13.333361 20.571432 3.311959
13.333385 17.142859 5.519928
13.333402 13.714289 6.623916
13.333399 10.285717 6.623914
13.333382 6.857147 5.519922
13.333362 3.428573 3.311954
13.333333 0.000000 0.000000
16.000000 24.000000 0.000000
15.999795 20.571438 3.311561
15.999641 17.142872 5.519263
15.999517 13.714303 6.623111
15.999517 10.285731 6.623108
15.999638 6.857157 5.519257
15.999799 3.428579 3.311556
16.000000 0.000000 0.000000
18.666666 24.000000 0.000000
18.668531 20.571430 3.311103
18.669968 17.142859 5.518485
18.671041 13.714284 6.622144
18.671040 10.285713 6.622141
18.669966 6.857145 5.518478
18.668533 3.428573 3.311099
18.666666 0.000000 0.000000
21.333334 24.000000 0.000000
21.316862 20.571428 3.312585
21.304441 17.142853 5.520978
21.295216 13.714279 6.625199
21.295216 10.285712 6.625196
21.304441 6.857142 5.520974
21.316866 3.428572 3.312580
21.333334 0.000000 0.000000
24.000000 24.000000 0.000000
24.158150 20.571428 3.312481
24.256653 17.142857 5.520795
24.325485 13.714282 6.624944
24.325481 10.285712 6.624940
24.256647 6.857144 5.520786
24.158150 3.428573 3.312474
24.000000 0.000000 0.000000
