# Node coordinates (x, y, z) - 0-based array indexing
0.000000 6.000000 0.000000
-0.833333 5.000000 0.426474
0.833333 5.000000 -0.426474
-1.666667 4.000000 0.593141
0.000000 4.000000 0.000000
1.666667 4.000000 -0.593141
-2.500000 3.000000 0.500000
-0.833333 3.000000 0.426474
0.833333 3.000000 -0.426474
2.500000 3.000000 -0.500000
-3.333333 2.000000 0.406859
-1.666667 2.000000 0.593141
0.000000 2.000000 0.000000
1.666667 2.000000 -0.593141
3.333333 2.000000 -0.406859
-4.166667 1.000000 0.573526
-2.500000 1.000000 0.500000
-0.833333 1.000000 0.426474
0.833333 1.000000 -0.426474
2.500000 1.000000 -0.500000
4.166667 1.000000 -0.573526
-5.000000 0.000000 1.000000
-3.333333 0.000000 0.406859
-1.666667 0.000000 0.593141
0.000000 0.000000 0.000000
1.666667 0.000000 -0.593141
3.333333 0.000000 -0.406859
5.000000 0.000000 -1.000000
